1 3 0 80.000
1 4 0 74.000
1 5 0 55.000
1 6 0 90.000
1 3 1 68.000
1 4 1 88.000
1 5 1 76.000
1 6 1 59.000
1 3 2 78.000
1 4 2 79.000
1 5 2 84.000
1 6 2 69.000
2 7 1 45.000
2 8 1 87.000
2 9 1 68.000
2 7 3 91.000
2 8 3 54.000
2 9 3 78.000
2 7 5 0.000
2 8 5 0.000
2 9 5 0.000
3 10 0 0.000
3 11 0 0.000
3 12 0 0.000
3 13 0 0.000
3 14 0 0.000
3 15 0 0.000
3 10 1 0.000
3 11 1 0.000
3 12 1 0.000
3 13 1 0.000
3 14 1 0.000
3 15 1 0.000
3 10 2 87.300
3 11 2 78.330
3 12 2 90.300
3 13 2 87.300
3 14 2 67.300
3 15 2 88.000
3 10 3 0.000
3 11 3 0.000
3 12 3 0.000
3 13 3 0.000
3 14 3 0.000
3 15 3 0.000
3 10 4 0.000
3 11 4 0.000
3 12 4 0.000
3 13 4 0.000
3 14 4 0.000
3 15 4 0.000
